name: tesis
channels:
  - conda-forge
  - defaults
dependencies:
  - attrs=22.1.0=pyh71513ae_1
  - blas=1.0=mkl
  - bzip2=1.0.8=h8ffe710_4
  - ca-certificates=2022.07.19=haa95532_0
  - colorama=0.4.5=pyhd8ed1ab_0
  - colorful=0.5.4=pyhd8ed1ab_0
  - intel-openmp=2021.4.0=haa95532_3556
  - libffi=3.4.2=h8ffe710_5
  - libsqlite=3.39.3=hcfcfb64_0
  - libzlib=1.2.12=hcfcfb64_3
  - mkl=2021.4.0=haa95532_640
  - mkl-service=2.4.0=py310h2bbff1b_0
  - mkl_fft=1.3.1=py310ha0764ea_0
  - mkl_random=1.2.2=py310h4ed8f06_0
  - numpy=1.23.1=py310h6d2d95c_0
  - numpy-base=1.23.1=py310h206c741_0
  - openssl=3.0.5=hcfcfb64_2
  - overrides=6.2.0=pyhd8ed1ab_0
  - pip=22.2.2=pyhd8ed1ab_0
  - prettyprinter=0.18.0=pyhd8ed1ab_0
  - pygments=2.13.0=pyhd8ed1ab_0
  - python=3.10.6=hcf16a7b_0_cpython
  - setuptools=65.3.0=pyhd8ed1ab_1
  - six=1.16.0=pyhd3eb1b0_1
  - tk=8.6.12=h8ffe710_0
  - typing_utils=0.1.0=pyhd8ed1ab_0
  - tzdata=2022c=h191b570_0
  - ucrt=10.0.20348.0=h57928b3_0
  - vc=14.2=hb210afc_7
  - vs2015_runtime=14.29.30139=h890b9b1_7
  - wheel=0.37.1=pyhd8ed1ab_0
  - xz=5.2.6=h8d14728_0
prefix: C:\Users\luis\anaconda3\envs\tesis
